4066
5330
1591
5071
4998
5086
5136
4617
4602
4418
1516
5261
5362
4634
5070
5251
1508
5274
5184
4005
5069
5195
5315
40
5045
5192
4610
5223
4820
5347
4654
4850
4621
5200
4653
5177
400
5202
5058
5241
5248
5267
5053
4051
429
4125
4449
5084
5064
5334
4514
4046
1444
5216
5178
1593
5119
5310
5281
5025
5249
5110
1211
165
5152
4403
4475
5331
1541
5247
5270
5244
4607
5295
5210
5285
4439
249
1512
5237
4056
4616
5073
4638
5106
1524
4934
5311
1442
5252
5034
5030
152
4671
4108
5256
5272
5001
5277
5193
5114
5111
4356
1548
4747
4521
5029
5332
5336
4742
5167
221
5197
4918
5302
5212
4846
5353
5091
5048
4020
5078
4277
4124
5067
1521
5304
5120
5276
5157
3966
1466
1576
5204
4471
5282
4118
5158
5219
5138
4595
1447
5266
3914
5126
4647
5100
5273
4783
5052
4716
5059
5214
5253
1491
5271
5081
5162
5130
5140
5112
5345
4608
5279
5354
5239
4658
4456
4571
5011
4778
4872
5085
39
4943
5213
5180
5144
5307
5151
4656
4853
4040
5043
5335
5320
4494
163
5349
5156
4480
420
4938
5297
4126
4320
5010
4138
4515
5325
5359
5339
1409
4631
5258
5050
5099
5188
5233
4849
5149
5182
4828
5062
4765
5096
4026
5357
5159
4520
5259
4799
5189
632
4641
5173
5358
345
4505
5300
5234
5280
5033
5077
4858
4462
4479
5166
5351
5088
4860
4368
87
4495
5038
5116
5061
4923
5063
146
4212
5104
5235
5238
4673
4366
5143
1506
5298
5128
5028
4623
172
483
5134
5040
473
4511
5242
5000
4243
4076
5350
5137
5094
227
1171
394
5170
5031
4513
4074
4824
4384
1482
4874
5102
5037
5133
4823
5074
4389
4857
1440
3912
5123
4434
4501
5153
5174
5041
5211
4484
5072
5036
5076
5301
5344
5265
5303
5360
3935
5221
5082
5286
4483
4425
5292
4787
4518
5148
4464
4018
3948
4753
5348
4500
5127
5318
5132
185
5257
5093
4806
5254
4084
4569
5327
4253
4474
4682
5250
5109
5291
3997
4503
5092
4657
5121
5105
4636
4739
4779
55
5326
4030
4409
3924
5129
4267
5275
5340
5217
4107
5312
5218
4790
491
1572
5245
5113
5101
5103
5135
5142
4444
5296
4645
4095
5122
4995
4873
5305
5317
5083
4869
4436
5346
1510
5328
206
4088
5299
4780
5263
3957
4038
5044
4797
5224
5208
5139
5264
5287
5168
5117
413
5115
5079
4822
5141
5341
5057
5255
5260
5198
3991
5319
5055
5337
4632
5047
4591
4981
4370
5283
4083
5176
5169
4592
5288
4831
5172
4932
4382
5243
4407
4523
4119
4493
4603
5207
4358
4399
5150
410
5194
5097
4598
54
4676
4263
5089
449
4391
4473
5313
1560
3969
4504
188
4979
4491
5185
5338
4077
4735
3909
5322
5095
3928
5179
4269
5222
4804
5032
5191
5066
4245
5165
4110
4316
5080
4777
4612
5342
5308
4613
5329
4597
4618
5146
5187
4759
5068
5155
4460
4572
5054
4620
5175
4029
5087
1536
5268
373
5355
5160
5147
5220
5164
5227
467
5186
4776
5039
4798
1489
5107
5181
4510
4769
4942
4396
4870
4394
4359
5352
4360
5042
4441
1587
5205
242
5229
5154
5090
3952
5049
4573
178
5056
4993
415
5098
5314
4637
5246
5228
5316
5361
5215
5290
177
5108
1383
4601
4651
5124
5324
5333
4032
4371
4082
4131
5284
4785
4679
5225
4818
4736
5306
5293
4781
5161
5236
5131
4139
5065
4864
5196
4803
4264
5203
5321
5046
5240
4861
5226
5294
4788
3973
5051
5190
5309
5171
5269
4268
1579
4362
5199
4048
4008
193
4031
5356
5201
5231
5206
4811
5278
4743
4805
4089
4697
5232
5075
4061
1446
5035
5230
5183
4844
4764
1533
4813
5343
350
4527
5323
5118
4786
5145
5209
5163
5060
529
4357
4397
4457
4519
4630
4698
4827
4871
4976
5125
5262
5289
5403
